CHR	BP	rsID	MAF	EA	NEA	BETA	SE	P	Zscore	PAINTOR	CAVIARBF	FINEMAP	block_id	label
1	55505647	rs11591147	0.020899999999999967	T	G	-1.4101773015832226	0.2294923644583753	8.033e-10	-6.144767844069152	0.946675	0.9511994	0.950832	34	7
1	55496039	rs11206510	0.172	C	T	-2.6780060797538336	0.474804241132175	1.702e-08	-5.6402320109190764	0.0533119	0.04876706	0.0491593	34	1
1	56965664	rs9970807	0.11830000000000004	T	C	-2.258568207577272	0.3622649882365861	4.545e-10	-6.234574913163451	0.4563970000000001	0.458875	0.458657	35	7
1	56966350	rs17114046	0.11830000000000004	G	A	-2.26048391697541	0.3629168261866791	4.72e-10	-6.228655586811096	0.440394	0.4422699000000001	0.4421060000000001	35	7
1	56962821	rs17114036	0.12130000000000002	G	A	-2.2995895840142477	0.3843501387789217	2.196e-09	-5.983059070357128	0.103194	0.09884356	0.0992263	35	7
1	109821511	rs602633	0.2068	T	G	-2.4326937783410663	0.3758277878980073	9.651e-11	6.472894918034253	0.999817	0.9998595	0.99986	67	7
1	222823529	rs17465637	0.2624	A	C	-2.5108400318145048	0.32545886979915994	1.223e-14	7.714769099284156	0.999978	0.9999848	0.999984	116	7
2	44072576	rs4299376	0.30720000000000003	T	G	-2.8285243545700847	0.4833728623211399	4.88e-09	-5.851640783033638	0.722358	0.7316357	0.730859	160	7
2	44074431	rs4245791	0.31010000000000004	T	C	-2.873514640829742	0.5093205790980555	1.686e-08	-5.641858504752323	0.224968	0.2193425	0.219857	160	7
2	44073881	rs6544713	0.30910000000000004	C	T	-2.866459937849852	0.5338862569977445	7.93e-08	-5.369046122237909	0.0525934	0.04890057	0.049223800000000005	160	1
2	203765756	rs35212307	0.13019999999999998	T	C	-2.2036451451391423	0.275708989652416	1.248e-15	7.9926488719764235	0.435969	0.4394306	0.439119	253	7
2	203846817	rs72932557	0.13019999999999998	A	T	-2.2109179044682206	0.2783655071302564	1.987e-15	7.942499511743237	0.296169	0.294806	0.294929	253	7
2	203880992	rs2351524	0.13019999999999998	C	T	-2.2145742156713317	0.2792858525746677	2.258e-15	-7.929417817822549	0.267862	0.26576350000000004	0.265952	253	7
2	216304384	rs1250229	0.2316000000000001	C	T	-2.5876040480263427	0.36427666242658224	1.224e-12	-7.103403305579199	1.0	1.0	1.0	260	7
2	233633460	rs1801251	0.2873	G	A	-2.884190898821084	0.5089608275274066	1.4580000000000002e-08	5.66682295144959	0.8479	0.8547450999999999	0.854384	270	7
2	233699415	rs10211596	0.3827	A	G	-2.9897502018764435	0.5594317223894495	9.095e-08	-5.344262905054074	0.152071	0.14492979999999994	0.145597	270	7
3	138119952	rs2306374	0.1451	T	C	-2.6408589515618868	0.4692582561141268	1.83e-08	5.6277303961160605	0.671227	0.6762037	0.6759	362	7
3	138122122	rs9818870	0.1431	C	T	-2.6564069679503715	0.483414706010176	3.913e-08	5.495089278261331	0.328751	0.323556	0.324085	362	7
3	153839866	rs12493885	0.12619999999999998	G	C	-2.462753845146867	0.42733701165835297	8.282000000000001e-09	5.763024914668021	0.998461	0.9987308	0.998732	372	7
6	12889004	rs1332844	0.3837	C	T	-2.5587684983864563	0.322161618594151	1.9800000000000002e-15	7.94249951174324	0.5867600000000001	0.5895113000000001	0.589264	642	7
6	12901441	rs9369640	0.3797	C	A	-2.565249402470539	0.3248487108133192	2.899e-15	7.896751063127077	0.41324	0.4104887	0.410736	642	7
6	160557643	rs2282143	0.008900000000000019	C	T	-1.256670593326385	0.17822027618615938	1.7830000000000004e-12	7.051221220270888	1.0	0.9999999	1.0	734	7
6	160681393	rs3127573	0.12130000000000002	A	G	-2.3676570897377607	0.35336207763128524	2.088e-11	6.700371204541893	0.7689520000000001	0.7793474	0.7784310000000001	735	7
6	160668389	rs2279463	0.12819999999999998	A	G	-2.4270151713722226	0.3760444095080835	1.093e-10	6.4540652912433485	0.16036199999999998	0.1544426	0.154968	735	7
6	161143608	rs4252120	0.2962	C	T	-2.728763242699752	0.4317271254804624	2.615e-10	-6.320573996046585	0.0702714	0.06588265	0.0662663	735	7
7	129663496	rs11556924	0.3767	T	C	-2.6592600369327783	0.3666619963656119	4.112e-13	-7.252619751410327	1.0	1.0	1.0	822	7
8	126490972	rs2954029	0.4483	T	A	-2.6104698727633457	0.3338240105878115	5.265e-15	-7.819898479341612	0.999513	0.9996312	0.999622	925	7
9	136155000	rs635634	0.1849	C	T	-2.349676700527896	0.286172501013591	2.027e-16	8.210700511773856	0.597122	0.6113748999999999	0.610102	1006	7
9	136142203	rs514659	0.3708	A	C	-2.5395740511303084	0.31576943238941224	9.965e-16	8.042494904948441	0.15908	0.15605139999999998	0.156329	1006	7
9	136137065	rs687621	0.3708	A	G	-2.543383579546976	0.31821535266793816	1.367e-15	7.9926488719764235	0.10806	0.1046843	0.104989	1006	7
9	136149229	rs505922	0.3678	T	C	-2.54720767598538	0.3201176336625442	1.811e-15	7.957098916551873	0.08213430000000001	0.07886451	0.0791572	1006	7
9	136153875	rs651007	0.2137	C	T	-2.4429972467107905	0.31370348618716193	6.849e-15	7.787599928848889	0.0225824	0.02079503	0.020951	1006	1
10	30316072	rs3739998	0.4215	C	G	-2.885981409594872	0.4902188980186764	3.939999999999999e-09	5.887128018236705	0.8674620000000001	0.8743612	0.873775	1032	7
10	30335122	rs2505083	0.4284	T	C	-2.945039159238473	0.5308889667103582	2.906e-08	5.547373074048503	0.132416	0.1255249	0.126131	1032	7
10	44753867	rs501120	0.1461	C	T	-2.3816283003344987	0.3550672990831962	1.988e-11	-6.707540532411736	0.7076020000000001	0.7135184	0.7129909999999999	1041	7
10	44775824	rs1746048	0.1451	T	C	-2.396895772465287	0.3648261364275355	5.053e-11	-6.569967261491356	0.292398	0.2864812	0.287009	1041	7
10	91004886	rs2246942	0.3608	A	G	-2.422495389666603	0.2950412557604348	3.044e-16	8.210700511773856	0.822817	0.8299466999999999	0.829313	1066	7
10	91007360	rs1051338	0.327	T	G	-2.4441486573158326	0.30494300762258475	1e-15	8.015099858727876	0.17718299999999998	0.1700533	0.17068699999999998	1066	7
10	104652323	rs11191447	0.08950000000000002	T	C	-2.360214205830681	0.4215385203896465	2.16e-08	-5.5990475168177545	0.305935	0.3100909	0.309788	1076	7
10	104906211	rs11191580	0.08750000000000002	C	T	-2.360214205830681	0.4248812642608581	2.782e-08	-5.554997135344652	0.24120500000000006	0.24259120000000006	0.242523	1076	7
10	104719096	rs12413409	0.08950000000000002	A	G	-2.375155785828881	0.4340730336467836	4.464e-08	-5.471788389788816	0.154737	0.1533858	0.153541	1076	7
10	104660004	rs11191454	0.08950000000000002	G	A	-2.377308639189982	0.435241269392062	4.716e-08	-5.462047848795608	0.146966	0.1454371	0.145607	1076	7
10	104846178	rs11191548	0.08850000000000002	C	T	-2.375155785828881	0.4354295153798831	4.914e-08	-5.454742276156262	0.141403	0.1397559	0.139934	1076	7
11	10745394	rs11042937	0.4821	G	T	-2.958436488810294	0.5349745861623539	3.208e-08	5.530050520778325	0.999875	0.9993205	0.999913	1103	7
11	103660567	rs974819	0.2793	C	T	-2.6926690990639086	0.4079211174646018	4.102e-11	-6.6009553901008085	0.999998	0.9999966999999998	0.999998	1154	7
12	57527283	rs11172113	0.3787	T	C	-2.9224818118143983	0.5188596207712971	1.78e-08	5.632509632316463	0.999693	0.998859	0.999779	1214	7
12	111884608	rs3184504	0.4642	C	T	-2.614559858014871	0.34916522833621233	7.037000000000003e-14	-7.488030438979745	0.627054	0.636221	0.635401	1246	7
12	112007756	rs653178	0.4662	T	C	-2.6380578292821752	0.3603923237574813	2.495e-13	-7.3199612072131774	0.188087	0.1835224	0.183931	1246	7
12	111910219	rs10774625	0.4771	G	A	-2.6380578292821752	0.3605147399761052	2.542e-13	-7.3174756445659455	0.184805	0.1802171	0.180627	1246	7
12	125307053	rs11057830	0.16500000000000006	G	A	-2.503478035373436	0.39945893577629743	3.689e-10	6.267172445418566	0.999999	0.9999966	1.0	1255	7
15	79111093	rs4380028	0.3897	T	C	-2.9187712324178627	0.5184925298361742	1.813e-08	-5.629340953745454	0.949162	0.9535538	0.953583	1416	7
15	79080234	rs1994016	0.3996	T	C	-2.7120582224997487	0.5370755458225135	4.432e-07	-5.0496773565557165	0.0474935	0.04326405	0.043645300000000005	1416	1
16	56995236	rs1800775	0.4881	A	C	-2.884190898821084	0.5154944430167222	2.211e-08	-5.594999010935067	0.543196	0.5506363000000001	0.550131	1459	7
16	56993324	rs3764261	0.2922	A	C	-2.8931756852288992	0.527047242272044	4.041e-08	-5.4894048449181305	0.308333	0.3068272	0.307053	1459	7
16	56989590	rs247616	0.2922	T	C	-2.9224818118143983	0.5487424577277401	1.007e-07	-5.325780374122965	0.130973	0.1267374	0.127148	1459	7
19	11195030	rs11668477	0.1918	G	A	-2.526979426209908	0.3730066029100963	1.253e-11	-6.774623844444307	0.711689	0.7218739000000001	0.720971	1587	7
19	11210912	rs2228671	0.1014	T	C	-2.3361418765228885	0.3555309286957995	5.023e-11	-6.570854145074241	0.190934	0.185548	0.186029	1587	7
19	11163601	rs1122608	0.2495	T	G	-2.646484845444056	0.4094136184325071	1.023e-10	-6.464086015449277	0.0973762	0.09257705	0.0929995	1587	7
19	45412079	rs7412	0.06259999999999999	T	C	-1.9477117710019407	0.2421775573402651	9.973e-16	-8.042494904948441	0.999999	0.9999995	1.0	1609	7
21	35599128	rs9982601	0.12230000000000002	C	T	-2.521985658029421	0.4269988916392876	3.508e-09	5.906304928210207	0.995935	0.9965906	0.996562	1670	7
